100 2
637 228 142 662 652 550 166 570 507 6 1 190 776 696 660 220 308 997 540 748 76 511 33 364 787 333 462 608 534 633 24 605 856 56 460 546 303 193 214 784 638 58 384 593 420 231 408 896 989 205 109 95 920 518 387 767 737 6 436 723 880 933 553 694 625 854 82 190 653 320 275 945 513 890 72 759 38 212 178 192 441 739 618 544 843 350 61 439 324 263 472 742 876 900 542 807 978 791 536 740 
464 466 164 259 934 759 794 393 710 359 2 972 960 833 722 781 599 333 191 94 532 578 345 600 442 197 957 1 241 3 837 499 551 752 874 480 835 889 837 125 732 743 554 181 210 757 334 496 923 452 322 291 177 157 320 394 482 71 174 875 112 593 330 468 337 490 268 672 682 239 210 54 312 93 143 306 919 752 925 0 535 43 174 367 443 713 453 146 580 427 210 269 886 939 846 270 768 40 619 977 
306 507 248 897 946 721 492 380 416 794 456 302 603 26 338 200 43 462 823 810 536 753 953 175 386 151 473 65 3 418 839 549 371 659 544 72 274 59 191 745 323 130 679 337 743 977 47 520 823 587 767 34 902 961 2 58 342 310 629 566 882 759 15 387 372 632 945 690 921 195 776 59 401 978 137 969 787 823 708 831 464 778 180 393 375 778 62 997 9 536 216 787 229 785 108 500 407 866 92 791 
493 32 656 522 707 288 863 990 15 613 834 179 943 225 679 391 937 286 476 81 11 380 162 835 84 102 485 743 867 536 649 344 511 132 879 644 663 285 912 657 227 283 417 926 370 857 207 924 949 755 765 709 572 204 188 275 400 439 923 516 48 788 535 476 16 869 900 483 527 161 901 849 599 353 248 512 155 570 965 121 60 506 89 361 212 566 502 373 647 643 301 995 774 572 463 11 958 812 352 175 
617 844 933 143 596 695 831 919 304 763 641 269 828 979 247 61 51 763 871 784 746 916 444 205 469 505 168 470 507 577 970 862 87 533 905 345 824 372 312 909 427 110 250 816 799 38 679 146 809 363 320 628 530 344 583 945 390 11 875 996 350 667 667 306 224 630 736 353 412 497 704 322 963 249 296 443 964 362 770 727 39 670 896 186 117 368 55 328 159 946 903 501 782 243 226 274 611 573 603 831 
401 70 970 540 647 557 309 453 530 520 8 229 123 188 440 665 541 780 140 776 697 973 757 986 157 282 608 847 898 771 474 65 581 443 404 29 121 146 606 614 923 432 520 922 278 228 279 969 48 28 453 259 525 189 37 682 738 414 181 416 868 368 340 41 426 392 14 260 784 400 766 854 14 138 147 320 553 303 534 931 104 144 91 289 761 963 62 749 5 87 648 685 369 11 682 671 391 740 913 322 
708 438 155 30 891 566 297 783 594 429 117 542 388 815 717 456 591 164 249 507 422 175 194 903 849 318 307 561 611 737 389 542 725 350 165 461 626 763 320 981 883 358 195 722 795 778 708 666 29 635 429 741 133 132 106 396 284 943 512 481 208 677 601 96 35 726 677 860 739 827 979 596 962 578 192 855 135 961 311 831 229 951 67 858 498 536 313 734 322 975 617 358 285 49 885 704 671 895 363 866 
662 580 904 156 513 616 326 486 271 108 415 709 870 959 578 731 861 849 918 869 140 310 733 121 858 157 219 631 263 457 454 583 115 359 368 731 743 665 602 87 675 619 316 606 231 244 939 926 14 120 898 992 512 275 996 785 927 960 448 452 508 979 902 507 731 692 354 939 228 725 519 288 339 477 717 601 194 590 381 406 198 52 636 143 47 240 31 134 708 235 367 823 702 767 221 599 356 690 647 707 
144 996 363 955 471 556 195 391 238 589 161 592 635 935 693 906 722 539 22 808 865 183 870 409 974 627 177 978 591 819 510 508 963 950 678 575 959 78 269 911 371 33 559 70 230 175 733 410 39 477 408 680 278 586 797 953 282 872 794 460 181 965 80 893 525 794 569 100 675 156 796 945 505 217 878 351 408 837 363 326 640 398 654 781 811 580 325 743 188 14 425 486 388 65 132 190 734 706 396 643 
940 253 343 53 848 407 215 643 967 801 528 174 459 614 783 304 9 727 110 916 547 604 373 263 158 711 851 807 94 132 774 11 520 187 815 876 440 905 153 315 229 835 883 251 570 940 772 903 630 402 143 79 118 164 39 855 649 614 61 929 941 257 343 941 168 428 827 597 689 983 837 662 728 826 957 628 108 162 925 164 652 868 825 224 423 948 543 791 471 840 225 819 443 232 305 327 621 33 332 177 
300 883 898 444 682 784 150 761 736 334 801 295 497 742 963 352 885 485 564 294 215 339 752 54 368 483 578 531 757 178 994 958 111 116 297 813 754 835 573 810 560 481 752 270 343 528 542 310 224 503 503 212 689 648 153 216 317 168 178 305 978 695 580 990 491 697 178 618 896 460 442 88 443 131 620 155 44 313 881 418 992 2 855 857 148 191 581 507 952 184 306 863 362 232 499 705 945 843 316 402 
668 259 846 378 849 547 802 781 906 611 245 916 341 486 837 6 298 744 131 367 307 163 257 815 207 92 870 541 39 42 904 334 918 719 353 849 610 499 189 605 448 516 306 749 23 658 457 291 58 506 4 850 708 473 817 232 792 396 382 252 407 518 997 581 942 146 98 140 622 489 458 10 941 709 71 708 854 263 978 574 332 959 344 22 621 522 559 347 77 456 666 438 816 230 372 935 948 802 162 739 
77 758 316 76 571 294 29 898 482 477 224 649 705 5 630 794 805 149 317 87 238 632 763 937 561 644 596 652 664 464 496 982 840 50 257 580 505 959 3 197 923 284 276 699 743 901 822 87 619 236 715 540 435 940 817 439 844 726 262 149 498 332 997 910 533 76 265 457 127 512 994 335 489 867 470 140 231 790 450 900 25 93 865 490 508 747 683 407 392 877 217 305 74 725 897 946 149 822 886 803 
501 648 409 816 861 684 165 13 633 634 983 545 278 608 437 882 281 543 786 154 533 73 103 625 233 85 603 58 281 6 613 178 443 416 761 919 781 621 282 589 398 815 536 879 2 335 130 123 26 702 29 999 195 721 813 75 29 666 699 223 815 317 576 303 681 216 274 308 827 143 997 532 420 303 627 300 421 865 894 14 231 185 653 342 138 735 805 553 968 149 642 32 9 715 87 361 232 336 507 351 
941 146 972 203 581 184 648 291 823 757 937 818 600 71 73 127 954 529 791 883 0 798 528 853 949 896 18 160 486 952 964 569 133 30 202 889 207 666 400 105 560 76 797 191 286 98 114 611 299 256 202 815 599 533 93 831 557 523 264 973 588 287 23 720 242 466 397 574 308 847 859 80 352 390 495 253 423 816 471 593 733 572 335 31 611 90 783 725 816 534 977 231 667 758 465 647 707 95 598 635 
410 406 104 95 752 235 546 285 828 434 17 954 809 101 206 907 174 860 617 303 77 599 102 599 993 365 253 499 34 525 100 143 955 142 391 574 142 882 323 494 302 744 496 348 749 970 854 209 335 588 553 646 294 359 607 827 360 460 680 438 94 636 920 866 134 512 386 22 739 877 389 784 323 194 59 745 306 581 343 171 126 138 191 913 178 493 483 205 6 51 989 239 823 812 937 733 51 556 623 486 
592 498 630 220 661 584 35 425 833 764 298 184 27 726 772 272 113 115 211 108 389 961 58 455 221 173 984 135 562 433 46 790 347 994 190 329 691 297 855 210 280 624 63 337 734 223 712 507 779 375 598 145 876 440 407 949 424 38 452 320 203 425 776 607 254 885 238 263 309 374 128 6 433 536 773 645 159 319 530 411 688 163 173 851 354 550 734 361 632 768 990 304 262 930 268 384 88 426 198 406 
626 207 333 493 906 78 125 52 662 124 923 855 952 333 791 154 161 12 836 179 877 459 270 728 939 469 923 649 528 75 53 303 436 76 895 661 149 328 534 662 587 567 762 720 748 477 29 215 312 898 692 668 23 175 755 927 186 146 549 707 784 94 44 425 514 613 110 816 441 104 977 276 958 464 488 268 386 997 23 817 343 399 683 171 767 252 166 397 403 257 57 941 431 948 666 405 852 801 145 573 
662 492 686 621 783 751 21 237 939 956 932 208 166 60 68 40 403 993 246 867 671 378 72 511 645 605 976 338 122 746 113 325 524 548 916 353 287 483 384 979 384 689 173 332 749 314 509 476 828 439 532 920 588 276 553 657 666 537 518 248 980 206 765 775 571 66 947 593 140 70 778 620 991 805 417 526 437 943 846 990 235 670 47 141 900 768 637 932 798 415 627 319 299 758 958 475 947 573 852 316 
696 38 506 370 402 344 665 821 92 619 256 102 183 198 376 504 637 94 100 895 481 720 895 664 397 633 259 985 92 636 959 730 593 572 584 677 551 154 404 945 27 600 627 413 63 575 591 915 209 846 893 723 451 364 475 90 43 649 341 178 582 24 83 740 849 671 366 139 512 514 379 251 234 797 950 602 333 552 323 974 310 968 72 831 44 531 7 333 758 276 283 469 289 9 905 105 766 225 146 62 
116 745 893 90 458 705 162 357 48 923 460 439 550 523 871 19 196 141 154 290 740 571 342 891 685 598 57 353 794 472 92 901 634 368 507 206 121 941 534 447 863 678 915 768 752 697 927 559 908 618 141 552 407 478 878 946 611 537 194 637 132 541 781 585 332 173 805 40 633 777 819 951 500 314 624 344 723 560 754 340 10 353 680 407 621 293 426 757 433 72 764 804 196 448 429 121 841 456 162 423 
848 68 568 725 278 598 779 248 953 537 40 257 703 11 506 304 232 664 163 449 656 956 776 862 314 257 427 365 161 715 675 651 840 24 582 473 349 732 130 183 449 635 577 54 484 456 915 82 302 430 672 0 81 677 190 51 333 456 271 181 588 716 535 717 128 739 229 908 697 722 688 85 827 288 100 252 983 592 924 349 577 944 178 161 875 691 525 468 784 884 403 746 18 197 655 4 216 198 588 821 
138 9 715 50 527 510 753 682 362 523 341 570 784 750 312 996 269 726 326 208 640 270 132 779 180 932 507 592 288 969 76 317 88 841 267 871 133 438 249 488 148 624 301 672 867 744 579 881 865 477 160 992 630 158 413 849 400 129 282 490 279 508 52 43 796 898 426 499 446 96 548 359 468 8 125 975 450 406 659 505 790 145 620 3 162 980 140 299 303 806 500 632 575 855 517 191 572 364 293 583 
480 92 945 294 748 755 460 799 141 639 639 564 308 434 322 353 860 592 777 249 417 641 706 885 471 473 110 265 865 462 231 161 236 922 913 605 779 753 211 321 532 165 944 368 746 16 369 82 565 129 37 435 799 356 164 38 784 875 880 82 652 849 157 275 163 433 795 612 417 786 842 948 359 590 477 7 34 67 961 623 563 385 200 602 335 941 697 349 776 765 515 1 275 453 714 53 387 130 112 20 
886 213 768 481 646 643 479 344 931 266 251 639 359 38 721 805 819 53 922 929 160 895 342 462 912 938 868 157 789 333 255 772 474 828 501 414 330 403 133 628 29 30 951 954 210 121 465 180 801 155 174 658 632 441 97 682 337 704 307 573 930 18 562 893 533 229 42 942 561 608 496 809 985 744 796 553 515 250 935 640 203 913 118 273 801 394 926 188 624 654 816 53 121 745 702 949 552 681 647 414 
708 808 263 225 589 61 779 651 657 464 44 175 776 29 674 741 25 403 378 820 212 198 363 971 353 729 293 591 545 488 131 344 124 212 307 988 930 608 684 320 774 852 343 556 640 640 249 654 649 236 344 962 373 942 11 169 68 3 591 240 433 457 567 475 71 612 140 521 696 280 550 632 913 463 257 860 674 922 579 605 394 477 957 311 443 535 313 415 457 23 491 402 664 597 51 943 335 456 145 24 
408 708 209 284 338 623 922 249 432 19 890 809 35 366 156 874 893 824 612 867 392 597 298 588 287 957 702 813 610 776 651 777 184 725 750 204 64 316 41 658 993 579 195 178 259 798 587 436 725 163 509 383 193 349 187 158 716 15 432 843 810 491 89 141 442 203 285 942 253 416 799 336 37 985 769 553 204 183 770 628 74 942 627 50 700 326 279 553 665 59 874 724 366 106 68 715 732 982 717 516 
816 609 483 610 844 358 673 237 757 423 867 90 605 218 383 813 897 698 798 684 445 811 756 69 318 317 603 947 672 173 975 637 650 473 22 816 527 322 462 390 718 167 979 310 884 855 681 78 520 215 375 79 199 797 525 656 762 332 815 365 709 858 474 410 561 470 751 370 260 5 782 173 407 255 317 553 8 917 752 183 753 982 587 810 673 211 422 724 706 319 0 970 123 83 191 633 110 185 183 1 
820 735 465 904 56 646 494 394 441 972 317 160 996 295 345 494 442 51 942 674 142 261 629 146 25 937 590 36 769 17 933 748 583 879 673 298 649 886 537 722 480 91 351 664 98 497 738 59 146 286 910 833 742 32 511 51 665 476 462 275 530 24 794 659 990 7 587 296 314 869 108 967 483 83 391 351 121 822 261 743 793 851 333 457 162 86 165 391 818 259 87 932 298 148 966 399 847 725 650 4 
467 684 279 107 948 492 228 269 114 620 51 332 687 492 852 266 274 72 216 949 92 48 3 289 959 150 752 871 492 74 323 685 436 699 995 966 129 598 447 627 38 132 115 921 36 847 523 837 398 917 463 286 999 177 535 786 851 678 169 595 163 901 97 67 301 473 144 142 188 185 120 864 371 414 406 383 40 901 729 513 303 207 347 272 43 879 574 789 60 268 568 868 630 488 250 39 287 616 717 13 
115 540 110 812 275 177 516 436 339 70 647 494 507 412 411 861 401 962 957 132 820 807 246 297 28 153 318 648 136 158 115 570 664 921 73 0 357 487 140 578 797 506 708 213 211 589 448 13 543 666 855 39 882 537 370 266 93 185 94 942 810 716 681 814 26 318 155 114 440 62 151 385 719 632 833 493 64 914 50 303 6 734 690 660 910 584 749 8 856 840 698 58 411 794 96 56 921 532 289 541 
102 671 364 208 935 610 501 854 232 219 752 315 463 952 142 613 319 429 135 761 951 182 201 363 333 479 215 688 901 259 206 358 830 738 164 711 110 334 217 513 261 384 499 177 648 766 452 673 743 440 151 152 609 475 772 153 646 285 303 111 118 234 120 271 328 575 646 870 277 437 741 845 982 480 338 634 363 433 116 777 957 336 294 506 894 950 298 653 104 538 496 107 556 466 39 983 284 309 11 974 
298 823 624 386 139 628 30 669 6 176 885 324 25 959 3 769 934 880 692 14 978 687 105 167 799 164 996 591 602 494 403 853 567 827 675 137 227 140 438 114 579 957 304 106 923 499 823 428 226 505 193 548 452 836 315 160 263 270 47 350 866 496 301 886 915 595 261 25 656 376 67 578 681 470 708 915 380 37 241 515 96 337 762 264 694 673 253 968 660 768 271 980 876 572 897 526 166 469 703 906 
817 352 365 747 439 685 154 632 34 773 618 911 169 552 383 864 320 6 616 550 607 76 236 129 417 633 257 775 511 66 416 28 86 667 883 88 119 768 26 368 46 27 954 967 437 669 367 215 698 530 347 410 246 648 608 374 719 873 82 408 744 202 537 104 751 347 582 374 48 695 195 931 952 934 424 420 261 642 211 338 572 294 959 133 90 910 769 682 463 674 719 50 256 501 529 309 620 230 597 231 
154 108 326 754 345 823 76 12 759 157 274 491 742 930 140 542 716 20 127 21 82 6 453 868 199 250 577 908 414 45 937 290 197 685 106 500 727 838 135 801 189 174 637 321 920 262 985 845 66 178 883 448 150 723 679 574 165 779 425 931 835 639 249 728 1 76 711 225 52 11 697 691 405 391 171 404 267 930 998 259 150 18 492 554 533 33 963 192 738 918 72 36 36 214 358 567 758 967 415 450 
254 726 497 56 793 239 5 781 693 693 788 311 39 675 971 19 237 498 746 523 407 468 543 343 154 320 495 610 724 479 440 86 719 23 216 658 640 117 826 115 23 432 907 73 940 324 824 756 24 333 875 982 954 196 885 130 3 702 229 966 524 235 570 509 582 989 406 32 762 466 43 534 602 147 779 466 127 574 810 68 869 105 606 226 764 912 171 607 385 384 840 61 308 901 846 256 123 905 258 491 
342 462 392 863 684 726 2 648 167 305 786 259 892 967 605 525 822 390 264 678 546 46 479 862 365 571 99 790 141 867 604 194 630 713 328 85 743 641 283 398 532 901 791 721 269 727 405 393 406 911 517 173 720 256 939 649 48 614 419 39 350 859 221 77 9 635 636 112 2 251 500 497 990 945 962 79 319 544 953 422 933 723 842 318 49 397 187 247 75 134 915 555 213 985 989 388 623 611 355 17 
596 502 941 579 141 295 923 884 116 468 599 50 116 114 406 337 199 510 64 791 928 739 261 355 642 700 963 456 520 530 246 103 647 528 536 283 953 77 321 617 644 129 567 727 266 36 865 308 745 987 585 729 526 773 849 614 229 581 72 384 45 248 933 66 722 746 82 98 458 84 596 917 405 48 26 445 294 16 973 545 247 108 639 54 780 315 631 741 319 92 651 53 140 125 223 762 373 996 325 518 
753 683 445 888 48 865 248 42 410 15 967 751 249 737 754 301 740 182 46 999 470 281 213 726 582 25 788 48 600 701 881 889 300 908 588 26 509 572 680 368 725 34 346 95 207 625 633 854 53 694 862 652 155 852 374 675 747 779 253 867 619 943 774 99 164 597 768 524 868 281 411 886 111 270 628 672 329 646 389 105 895 907 800 52 598 92 925 948 308 492 34 700 326 616 899 578 706 560 754 269 
958 991 168 533 576 198 661 202 503 22 5 759 810 381 444 856 472 179 298 442 71 236 338 346 369 41 96 72 884 571 874 309 289 519 88 628 192 489 246 173 833 98 106 599 710 643 561 271 663 871 103 364 910 355 630 605 844 354 310 869 492 447 406 621 127 641 947 267 863 622 743 930 176 337 723 954 35 262 480 273 509 353 281 930 527 625 397 437 64 578 429 567 688 435 961 108 646 877 696 554 
861 510 303 280 530 93 833 927 361 470 88 999 328 392 491 205 692 630 152 499 19 627 676 80 930 593 401 138 544 243 391 978 522 105 799 191 416 68 979 238 560 843 226 744 890 342 491 795 76 921 199 838 455 227 988 864 41 175 615 472 892 266 265 34 14 559 662 96 267 551 418 79 104 85 61 732 410 745 985 855 879 787 97 966 794 531 404 685 373 942 514 565 817 132 958 530 338 527 117 586 
33 254 510 27 66 243 18 884 319 194 14 78 132 484 662 324 446 43 141 625 949 622 35 33 593 679 213 587 324 939 107 645 812 473 558 433 348 799 545 814 35 937 329 10 237 76 272 743 265 82 822 771 555 751 137 189 475 796 487 100 942 921 905 258 450 624 739 657 152 735 113 301 421 342 788 202 425 826 324 287 325 162 408 596 110 528 805 40 703 794 340 581 918 874 503 800 13 242 868 212 
580 308 218 510 21 361 652 287 760 968 941 413 913 377 339 811 598 427 278 754 661 803 739 783 886 934 452 575 244 984 938 313 34 206 846 611 899 833 363 208 603 540 569 272 996 176 390 208 835 958 357 659 789 373 292 537 772 204 328 48 871 626 44 792 976 156 842 163 799 487 233 917 216 15 912 176 296 895 514 123 470 298 98 548 135 641 784 987 338 62 197 681 838 296 227 258 776 392 473 655 
145 635 214 982 160 369 699 669 980 222 70 973 517 663 44 140 35 95 639 822 711 618 216 29 769 242 167 166 561 576 97 269 882 709 201 748 595 850 914 920 896 733 291 181 57 236 836 547 274 879 384 809 314 489 732 409 40 367 415 212 827 413 330 583 864 29 658 102 978 441 100 792 412 355 584 787 235 475 65 114 546 489 492 724 709 723 415 999 707 393 700 708 438 111 45 173 932 499 530 244 
667 327 289 78 808 369 230 72 329 34 884 344 836 4 842 192 751 943 961 438 42 926 389 207 554 309 674 470 911 446 633 455 551 732 75 33 348 479 149 931 916 378 236 134 505 929 187 611 128 975 323 63 533 695 723 644 167 457 368 370 535 15 886 790 887 80 767 769 745 437 972 268 405 635 786 610 199 352 918 464 896 609 477 600 884 779 653 196 869 433 840 697 526 470 690 849 762 603 8 166 
925 419 667 300 339 972 758 62 248 713 604 236 175 446 654 475 248 148 468 118 852 926 825 971 818 731 780 81 95 196 924 961 265 416 611 322 21 527 399 706 658 876 453 801 686 750 182 808 759 120 631 978 140 56 316 105 565 533 301 941 872 565 435 353 662 309 588 174 429 474 213 684 191 752 312 502 211 593 807 877 234 904 247 120 53 983 864 707 598 269 572 733 444 844 486 238 386 634 789 241 
298 654 497 838 822 910 438 299 903 247 903 660 242 60 828 969 48 298 742 79 732 684 786 538 995 210 277 137 463 975 47 450 500 483 803 631 439 806 958 161 211 255 30 525 493 732 525 260 643 170 14 687 769 640 775 978 772 807 799 569 899 340 602 577 971 809 475 296 449 712 945 135 949 130 77 302 221 256 899 505 959 432 303 690 420 353 314 528 393 282 301 678 384 320 797 406 247 983 111 688 
942 788 574 581 999 888 187 521 873 15 149 529 413 186 721 177 149 697 283 433 537 789 822 305 53 629 688 802 160 863 106 823 453 82 966 636 607 281 530 101 809 50 116 235 788 808 406 627 332 126 972 487 949 910 659 985 793 633 204 940 678 807 106 717 502 993 345 283 319 565 527 891 372 521 815 303 467 108 515 752 633 450 842 793 507 806 899 414 174 517 377 773 65 144 15 243 825 506 110 514 
45 499 932 202 892 172 367 726 132 700 3 656 92 899 464 535 156 837 887 984 979 353 486 563 489 706 67 736 839 797 533 402 763 276 449 738 144 867 604 807 598 633 76 140 270 290 580 674 672 330 759 248 208 332 612 424 342 292 979 997 942 322 832 330 48 896 341 436 816 893 461 162 208 227 966 467 173 22 342 249 664 655 906 453 845 0 779 708 225 744 498 680 751 728 324 458 308 327 665 86 
884 356 746 183 444 306 930 990 490 921 7 77 570 378 745 776 18 555 650 614 728 868 389 907 331 249 508 26 15 273 965 483 236 710 749 111 849 662 16 595 662 161 543 284 431 108 483 552 912 14 65 118 813 673 447 262 960 467 750 819 777 941 576 808 745 836 323 425 31 590 527 28 575 503 21 80 888 653 817 581 317 49 969 44 806 743 254 951 136 623 594 164 498 509 90 175 729 429 39 990 
734 892 24 729 567 363 922 681 644 325 770 823 82 683 714 456 565 94 882 416 801 773 225 238 914 191 661 391 725 843 799 141 767 566 626 600 188 509 365 149 466 939 319 399 199 62 827 35 81 245 196 721 349 396 699 224 129 636 926 424 718 244 451 598 232 885 478 171 976 828 647 94 260 281 535 660 645 680 477 5 641 453 852 624 922 558 15 618 79 299 320 707 674 993 484 321 138 392 443 433 
145 330 935 667 225 405 980 814 610 922 703 596 903 246 761 119 114 441 46 996 229 302 528 831 11 498 26 887 21 65 714 75 129 373 806 333 929 104 467 838 736 292 954 890 354 120 92 821 196 350 71 479 713 571 33 780 359 823 612 343 554 150 507 408 575 206 476 99 235 138 374 563 645 877 621 278 778 75 572 275 192 709 243 194 429 4 569 307 800 384 651 889 935 400 757 744 115 429 568 53 
145 770 333 285 643 423 665 161 863 311 418 488 806 62 657 421 175 999 432 483 628 716 262 198 270 535 961 20 61 761 115 59 954 538 231 461 17 792 758 554 825 603 405 860 726 536 514 145 281 924 639 916 125 476 366 557 957 779 174 866 173 44 20 294 791 408 517 10 271 897 443 713 480 392 798 24 320 685 958 965 441 653 766 302 250 440 130 262 462 859 637 613 731 236 364 13 918 157 895 12 
588 378 673 510 244 390 885 234 708 643 468 25 185 792 644 106 947 736 59 690 384 241 453 978 927 418 98 481 128 761 92 707 138 387 39 58 133 813 281 212 690 667 236 14 104 223 898 880 840 612 833 760 386 587 447 915 169 22 351 809 581 931 92 32 536 500 310 852 692 844 555 70 50 132 559 162 158 792 175 942 537 971 3 704 198 370 234 999 82 600 890 885 270 421 672 618 382 412 589 860 
599 941 834 919 253 768 909 552 138 316 612 470 630 767 297 66 915 262 687 806 504 591 357 677 17 413 400 258 725 404 693 667 136 758 271 727 745 957 398 269 902 418 137 103 855 142 85 935 465 439 238 1 492 20 333 698 479 132 563 439 59 644 310 400 341 992 273 926 423 901 776 483 905 388 237 409 236 289 140 942 840 580 38 247 551 335 740 235 913 538 778 41 865 420 535 195 928 539 809 645 
168 454 974 905 667 320 120 653 710 55 113 800 400 102 800 368 399 264 978 424 638 791 916 408 71 140 336 37 135 567 567 635 306 824 254 560 845 279 555 258 427 178 58 996 801 621 259 885 974 727 14 945 573 90 106 581 286 563 858 989 572 211 562 648 615 341 360 14 389 297 798 809 524 440 439 330 68 329 176 941 659 996 529 255 240 605 500 223 404 570 653 355 910 880 298 61 854 452 374 150 
84 678 432 352 818 586 361 450 823 82 566 912 53 926 75 426 454 238 577 230 466 161 376 520 420 951 305 944 695 724 317 925 314 461 994 97 107 872 104 245 451 7 238 103 742 30 75 0 167 934 2 659 265 224 628 715 208 301 900 68 865 78 320 541 832 424 348 948 409 514 51 450 777 506 488 977 221 404 897 139 627 68 766 725 504 463 113 644 977 549 430 126 934 554 916 813 148 77 381 735 
650 776 531 345 383 409 939 694 506 800 550 778 681 290 653 108 638 5 246 395 727 46 725 208 293 80 588 101 680 973 469 684 48 113 207 987 455 357 936 806 525 554 146 934 12 982 937 649 573 564 11 297 594 647 177 633 710 935 150 542 138 328 13 18 962 262 456 279 543 654 150 98 190 121 508 166 897 34 912 114 428 738 873 293 10 945 435 346 473 752 362 351 604 165 509 818 736 383 757 669 
497 179 974 745 861 846 565 810 681 300 898 202 539 712 632 336 7 36 707 290 550 820 625 520 221 478 868 395 698 988 535 150 763 246 359 388 882 425 420 50 308 141 776 70 690 326 263 457 450 752 152 33 358 8 443 657 964 225 99 453 624 477 318 257 159 205 514 57 45 906 282 615 322 420 378 272 881 3 151 464 569 893 258 71 63 311 799 843 411 639 465 160 202 65 809 838 28 73 670 483 
823 761 839 8 332 739 399 287 560 57 784 13 893 298 307 365 514 608 246 774 969 456 487 613 408 394 352 590 850 210 84 319 974 509 578 813 776 432 487 292 159 918 592 769 551 240 761 34 775 362 279 688 878 612 13 531 898 686 165 447 401 639 572 919 635 328 699 159 696 572 84 389 558 371 418 243 501 799 716 894 127 694 35 371 978 82 74 403 8 286 173 196 825 658 901 794 695 512 44 253 
194 735 419 381 621 320 436 723 537 255 221 154 64 76 290 150 173 43 798 572 826 425 875 626 98 65 168 384 256 942 90 847 512 1 215 689 356 788 767 810 49 392 347 253 300 332 995 433 199 176 570 78 889 153 245 915 492 629 724 826 640 153 728 702 184 649 518 739 60 921 706 647 263 961 495 255 458 174 206 405 160 430 798 193 179 708 595 710 183 622 946 415 78 267 715 193 812 0 96 578 
707 749 118 226 234 756 785 457 449 665 156 97 993 728 145 46 433 147 414 739 876 52 233 911 89 58 990 472 899 575 510 486 723 353 578 779 618 767 896 546 331 991 717 782 928 957 300 228 532 646 830 347 873 662 10 698 571 887 359 4 477 700 112 600 282 773 535 387 367 259 229 906 911 454 168 114 566 276 743 259 874 269 378 581 847 237 725 393 707 234 574 795 178 599 741 55 706 96 612 673 
568 231 511 81 445 479 198 991 340 350 744 356 541 432 3 105 999 225 849 771 825 467 260 704 234 74 798 147 833 300 538 574 607 885 495 848 405 609 598 389 512 811 530 894 596 670 752 128 431 882 879 537 541 306 145 56 709 123 170 333 953 247 985 801 467 227 653 838 943 742 105 826 948 27 187 409 551 640 850 169 777 664 334 322 847 822 204 565 731 20 306 763 33 386 496 682 501 466 784 684 
731 428 95 904 342 406 756 901 597 350 696 292 36 299 991 686 255 512 446 950 796 467 909 520 561 285 24 17 587 82 944 409 585 268 815 767 688 19 68 67 448 696 563 106 271 250 417 885 725 153 895 11 232 744 940 609 169 168 392 991 974 987 446 197 73 286 458 565 113 515 516 458 727 694 595 530 916 718 973 568 897 710 373 93 895 797 151 968 241 75 137 27 510 669 394 464 747 858 551 604 
809 974 211 627 810 711 879 332 466 871 738 382 932 506 651 83 82 377 85 692 609 469 362 398 340 47 915 19 303 480 567 891 799 980 594 285 753 237 143 753 481 149 122 64 900 676 903 718 79 667 7 878 89 95 116 918 974 314 394 597 190 999 385 51 477 389 56 304 596 878 221 647 657 496 18 116 90 315 178 204 544 660 276 708 409 425 854 949 526 630 775 398 70 152 758 483 530 256 86 252 
292 595 654 417 986 591 116 900 775 32 931 903 499 12 205 369 817 211 674 395 866 659 720 15 825 27 77 667 478 911 892 394 79 3 93 4 828 548 360 8 905 627 26 415 266 187 665 666 706 861 773 6 308 801 456 503 245 832 911 627 746 416 241 385 342 536 360 898 839 821 253 190 954 252 737 418 763 616 553 641 754 902 833 544 922 727 997 310 876 663 700 164 748 340 926 577 450 48 919 434 
43 762 20 360 769 410 670 370 744 236 789 725 786 447 102 616 382 311 80 349 477 199 827 693 37 451 458 787 753 212 107 956 528 533 445 893 717 727 913 574 792 184 548 46 379 264 539 839 727 695 0 923 255 241 13 871 533 788 446 454 517 588 436 889 519 29 567 94 384 945 659 111 91 633 798 429 555 705 209 676 293 760 310 800 636 245 153 432 917 897 217 482 524 624 825 200 230 577 986 658 
265 697 508 372 657 730 532 321 20 778 584 367 784 353 121 677 723 251 88 962 3 56 660 936 240 584 67 170 319 82 23 513 608 430 931 61 338 890 230 170 765 75 79 465 968 364 498 408 372 651 457 517 209 514 919 575 807 155 129 389 968 880 558 212 109 786 112 426 814 728 699 48 157 307 678 64 213 111 368 780 655 261 149 767 709 22 625 87 891 610 84 459 427 811 726 537 680 683 573 260 
597 365 236 492 86 843 78 110 951 724 844 38 556 944 388 162 121 838 275 89 67 341 947 595 846 986 456 899 681 235 775 434 31 193 929 198 119 99 79 555 982 760 134 824 811 989 573 229 52 953 780 356 663 860 375 558 675 487 931 703 688 136 521 365 596 804 353 788 40 915 192 430 170 54 165 473 372 500 976 273 13 862 685 128 687 31 896 115 425 128 360 983 261 435 89 11 300 62 644 352 
617 482 266 543 980 941 426 249 104 773 815 677 582 262 949 805 131 141 213 650 744 230 975 698 640 67 863 415 520 566 731 369 298 114 556 782 938 724 660 113 621 383 407 369 630 889 629 716 667 528 670 788 576 849 31 40 282 858 100 390 926 886 494 248 747 705 495 348 173 213 404 648 756 332 483 822 165 214 36 116 951 182 253 536 232 544 344 826 857 214 0 834 328 628 140 859 844 576 155 216 
414 950 681 207 22 738 945 819 27 911 507 726 855 216 351 374 323 845 683 567 23 896 402 418 828 601 902 236 221 631 479 442 451 215 308 228 681 770 801 456 120 690 634 120 700 557 767 398 590 550 912 239 346 88 787 662 900 884 499 571 887 125 356 627 910 330 661 385 143 324 4 373 948 232 800 877 20 327 171 481 74 428 846 443 148 790 42 94 846 759 980 519 368 972 9 914 14 510 67 46 
870 807 378 291 615 489 414 730 568 460 411 806 647 519 630 10 963 657 928 555 268 544 345 896 409 434 375 527 586 314 414 201 704 53 154 937 754 845 139 345 777 13 440 101 317 63 432 396 473 931 380 733 901 528 689 446 667 360 261 467 748 503 151 76 468 12 436 655 899 724 432 777 829 698 690 175 621 571 907 290 413 970 207 322 545 503 829 378 317 22 884 580 755 805 678 518 738 221 274 262 
651 53 772 82 126 811 392 611 229 293 503 771 895 23 161 100 64 229 372 755 214 508 563 957 391 452 723 376 1 104 818 725 907 193 896 709 210 0 259 306 342 979 693 383 319 458 97 618 226 970 718 641 896 561 563 299 576 715 500 121 731 205 164 484 465 312 332 264 915 336 338 234 297 582 973 830 229 226 280 277 791 261 757 28 186 510 556 88 294 67 788 689 847 187 513 596 423 778 863 54 
984 940 390 149 260 93 94 977 153 937 149 484 191 839 935 765 819 107 85 115 129 949 849 408 485 68 240 356 707 230 297 844 913 588 510 114 697 242 369 151 603 781 17 495 386 944 188 468 981 384 567 949 961 839 507 303 998 982 362 444 847 510 4 796 110 944 971 506 439 955 365 609 539 839 835 342 704 320 245 375 71 565 897 4 575 185 308 861 952 186 303 13 970 496 69 997 735 488 221 244 
918 202 907 998 601 543 964 602 537 447 626 192 9 226 540 242 745 709 121 963 364 56 590 598 732 269 143 464 628 355 811 560 629 917 843 198 181 981 939 466 646 308 570 782 91 758 135 399 688 561 309 647 466 87 232 975 693 949 128 676 613 35 701 231 134 540 580 481 120 288 401 598 317 89 413 170 133 746 499 57 149 703 789 955 707 896 572 768 709 856 952 273 730 134 29 344 128 481 782 48 
704 25 934 279 744 12 445 610 631 590 551 578 934 525 204 783 213 452 595 610 4 45 104 55 699 381 32 67 603 187 603 562 439 872 225 564 413 270 511 752 66 810 620 866 757 228 752 257 634 841 997 748 98 382 24 519 224 87 897 576 151 305 520 847 811 325 371 821 414 326 486 172 364 582 978 671 88 443 425 667 528 272 809 207 111 393 247 88 458 758 910 128 197 988 272 120 758 536 411 731 
897 78 32 141 902 665 0 755 73 76 936 461 441 840 239 18 763 879 30 650 535 176 303 290 531 124 312 364 894 9 722 517 384 460 533 91 41 940 703 958 847 765 557 549 595 227 136 597 606 911 420 950 272 318 949 407 474 872 963 651 589 903 856 715 458 145 166 686 355 407 278 430 450 655 815 5 736 767 756 136 24 763 258 963 470 976 56 901 714 826 263 285 658 195 772 405 535 309 435 447 
334 186 558 101 985 626 799 828 751 845 762 604 234 209 639 593 375 830 79 510 540 152 276 731 133 981 70 980 399 560 795 357 752 517 15 978 390 758 316 715 48 805 923 280 282 530 684 673 221 680 43 746 302 915 91 917 726 781 223 376 130 82 263 96 763 760 296 614 200 706 735 521 947 271 719 60 586 974 537 426 919 677 147 199 186 755 588 625 901 395 415 375 176 490 110 504 806 858 153 872 
247 560 679 798 520 58 965 313 88 829 365 76 597 862 0 7 742 280 670 409 802 582 933 3 49 673 401 118 232 180 283 392 267 142 565 27 751 799 653 486 102 815 592 704 366 627 617 82 52 298 730 444 557 383 938 899 93 487 455 865 379 910 486 430 525 317 65 846 144 247 952 875 307 691 203 621 788 484 119 718 99 656 719 602 510 30 301 943 20 60 385 138 262 888 505 483 883 149 874 593 
347 807 134 785 678 187 438 531 102 65 570 917 162 171 614 916 685 339 231 632 606 720 559 488 417 537 957 126 574 205 713 300 296 706 646 599 25 765 793 602 836 121 905 62 355 931 879 881 322 710 416 237 460 602 136 699 524 403 97 15 359 559 861 390 840 591 809 709 755 393 322 931 126 758 468 546 157 224 769 386 414 966 343 575 20 507 765 643 15 684 590 815 364 17 551 751 273 925 118 891 
108 313 804 237 164 966 13 608 344 610 100 549 863 285 212 540 96 44 653 961 771 933 276 269 86 356 342 431 413 293 478 394 692 428 109 9 55 90 161 496 292 384 642 116 791 425 864 574 22 18 33 148 886 518 98 433 782 392 51 639 450 703 128 81 875 217 830 821 117 593 715 538 745 579 488 295 68 571 779 892 808 744 624 701 905 230 177 140 379 908 518 582 866 211 22 825 697 361 814 19 
887 829 345 607 975 731 761 220 248 954 76 327 452 37 707 738 356 215 272 69 564 658 374 556 819 529 749 113 958 276 5 803 350 964 131 886 159 344 298 421 97 232 284 486 92 448 818 77 216 735 552 676 163 664 739 626 687 488 775 673 131 650 69 604 472 359 330 872 231 194 38 658 833 179 107 985 463 266 516 230 675 407 288 194 63 687 527 710 293 506 972 81 678 138 692 245 671 654 70 603 
32 793 403 81 887 620 584 825 365 283 385 635 607 503 233 238 752 223 439 195 676 653 619 922 200 134 354 249 577 681 886 433 699 852 305 540 675 571 699 245 662 259 34 126 402 343 706 664 782 272 670 158 862 586 637 395 898 300 792 829 272 856 419 258 198 660 985 578 60 400 845 333 586 225 95 767 598 670 740 872 305 569 202 841 786 848 353 476 34 501 533 595 818 946 788 516 634 401 707 132 
356 291 518 721 201 183 991 12 250 349 703 647 73 356 811 875 672 105 968 918 938 409 130 619 729 144 450 497 872 835 454 833 858 619 389 586 403 635 635 15 94 828 674 244 134 71 994 661 352 371 394 320 73 359 391 131 196 690 36 265 447 153 539 777 543 810 539 647 920 822 731 855 81 675 69 768 904 427 575 454 714 551 342 58 198 497 915 61 931 712 819 658 886 821 530 916 369 478 919 705 
312 256 774 541 613 346 786 97 399 408 865 206 559 133 5 357 675 165 791 496 326 762 711 134 391 37 481 203 745 519 658 102 507 881 980 240 841 417 519 729 931 197 736 797 669 493 214 911 695 212 666 221 221 671 31 156 689 506 547 981 63 23 756 496 962 448 894 352 829 47 676 864 413 716 782 340 741 127 138 571 50 990 213 179 440 929 507 269 876 900 598 522 164 661 388 87 267 910 316 669 
626 821 74 853 355 155 921 802 759 650 424 422 364 819 592 778 23 678 741 792 112 394 763 563 334 456 834 386 80 723 301 144 494 603 864 288 103 443 329 847 84 31 57 634 325 290 290 818 690 111 506 893 925 670 265 999 78 89 88 449 655 79 466 192 146 217 911 377 63 244 671 372 130 126 964 918 989 732 515 796 146 75 221 516 371 374 48 118 117 824 243 644 314 674 915 158 510 303 951 800 
245 725 706 128 923 375 946 531 708 673 37 903 541 540 940 150 410 659 314 209 154 813 38 651 975 172 774 312 499 620 359 854 24 256 379 99 542 874 443 575 202 681 109 723 12 824 127 362 530 413 357 183 36 327 151 695 160 44 966 88 167 817 920 147 303 243 962 430 210 70 70 396 791 60 318 73 144 136 887 265 356 564 657 648 669 224 134 312 684 659 201 614 627 126 825 293 356 63 518 192 
137 996 316 722 324 850 197 624 199 500 732 281 574 935 559 677 332 14 412 348 499 193 912 712 136 667 907 990 54 364 600 153 746 108 844 752 783 826 381 816 963 364 813 380 169 696 590 197 825 794 585 429 85 558 90 832 397 448 638 245 565 994 783 241 677 214 959 70 985 501 452 178 130 528 923 74 798 677 144 136 859 315 428 490 58 633 752 654 401 61 897 611 425 73 668 313 18 938 836 732 
811 891 90 5 382 911 29 953 875 519 794 814 132 915 821 316 866 804 169 784 518 217 204 183 234 688 647 920 305 96 828 411 739 516 696 217 846 18 972 155 186 525 214 248 323 49 54 929 253 957 406 992 635 517 256 137 960 200 367 311 58 319 927 321 83 864 462 663 634 9 767 128 345 577 796 381 792 60 820 972 99 949 14 205 320 913 85 193 867 705 500 357 13 128 532 225 986 926 603 653 
306 396 303 862 802 985 260 318 348 645 458 322 580 908 642 352 125 477 202 384 355 499 279 394 586 395 915 192 191 199 360 894 870 811 108 895 604 566 277 858 317 620 478 245 473 929 122 448 282 632 224 749 585 917 888 454 945 880 526 72 508 379 764 319 318 5 653 842 631 177 383 497 172 920 496 476 152 614 381 277 7 692 638 712 387 33 606 730 171 462 218 560 112 970 800 722 322 316 514 864 
59 335 299 891 369 835 537 367 58 529 67 479 964 855 645 170 355 885 434 573 862 607 954 897 475 908 316 894 538 270 445 432 968 603 73 857 117 307 569 279 232 51 390 927 801 138 549 402 983 786 932 567 763 665 867 98 437 400 647 252 606 444 67 794 966 43 8 442 534 97 663 187 544 452 812 884 614 445 61 696 65 784 914 921 907 109 504 259 670 624 385 442 310 533 183 278 797 921 433 318 
190 853 532 307 700 580 589 79 179 567 534 885 223 127 455 306 700 531 47 788 910 562 147 506 955 659 231 525 733 3 699 622 939 879 831 936 3 482 466 630 793 882 495 880 683 870 185 554 72 874 553 638 494 95 341 412 291 756 291 718 182 98 951 649 247 526 321 681 820 712 746 891 662 420 344 137 500 270 993 962 166 972 21 536 356 911 166 590 751 649 84 586 848 445 820 159 633 804 169 462 
353 556 222 838 980 30 891 193 329 319 558 449 37 239 555 827 729 665 311 866 288 514 274 167 572 790 731 73 761 607 488 975 937 39 14 141 153 984 350 359 124 49 281 167 727 748 205 93 749 286 720 760 764 647 92 584 488 147 900 701 46 648 958 997 436 457 961 706 271 370 809 491 972 924 889 429 259 923 888 768 545 135 432 486 261 232 19 194 334 501 30 590 586 527 738 847 82 305 696 525 
172 163 533 293 25 448 599 705 337 540 167 828 683 146 439 654 74 36 102 743 676 340 617 441 460 499 325 390 171 121 874 820 378 228 426 478 267 92 954 934 417 262 240 559 493 151 526 336 483 252 566 213 148 120 415 656 196 870 158 337 367 639 176 513 624 781 263 837 746 833 683 209 99 107 19 27 902 328 37 762 447 352 810 207 516 801 501 26 306 366 782 640 398 868 305 683 862 390 532 475 
415 615 146 324 735 977 753 376 437 747 803 862 912 768 571 794 614 614 910 40 215 300 916 99 824 784 990 571 28 743 291 39 984 654 118 462 661 361 98 60 228 522 681 723 269 980 297 200 569 760 0 416 865 872 689 59 38 98 983 112 738 416 74 721 534 134 472 271 126 403 885 313 466 35 318 130 358 123 539 121 413 407 851 196 345 402 100 943 798 332 59 938 56 336 985 793 513 510 567 328 
128 830 51 678 407 103 851 25 3 919 25 99 705 763 872 724 799 25 326 415 161 900 251 841 798 320 841 536 130 207 324 368 348 260 475 780 443 45 976 819 476 742 124 992 375 236 727 662 980 70 647 524 552 27 150 542 460 0 329 845 263 385 150 824 451 427 910 786 262 223 412 309 34 321 844 663 950 505 335 444 158 449 54 789 457 905 69 456 522 432 778 392 554 244 478 822 779 652 748 640 
920 195 135 993 611 735 601 825 487 219 409 358 55 658 644 114 734 230 647 160 913 24 924 626 777 648 300 884 198 911 92 366 537 258 378 62 360 186 450 732 944 298 916 690 605 617 152 180 766 201 781 692 775 767 678 610 542 268 327 458 946 763 846 69 65 748 701 100 418 760 623 186 578 630 849 586 962 830 259 674 72 220 623 718 933 542 289 416 752 977 831 222 553 194 627 92 56 665 383 156 
599 898 689 67 709 607 759 190 957 920 748 900 238 189 116 366 732 885 716 428 447 688 109 250 458 466 691 627 663 584 497 205 705 928 696 30 561 356 687 268 406 400 812 707 447 53 460 226 426 148 24 343 731 511 713 773 853 804 701 179 564 747 906 615 750 994 259 43 655 743 465 54 340 366 587 718 715 956 649 980 257 571 221 400 539 62 987 488 610 712 426 27 344 968 963 987 432 432 474 386 
573 134 412 939 9 802 776 637 122 777 696 844 912 746 882 688 641 463 529 18 48 654 578 532 652 496 812 544 429 857 7 884 269 634 408 12 340 44 564 480 884 902 876 120 294 384 831 766 405 800 966 915 9 605 508 596 431 83 156 510 871 78 0 440 525 83 591 288 245 83 702 272 745 449 482 114 293 854 229 346 261 666 480 891 477 502 440 669 528 984 884 966 637 487 397 966 727 592 654 943 
84 728 423 884 49 579 605 753 708 340 644 612 778 157 207 587 418 98 775 278 321 425 747 454 751 828 391 990 786 243 248 617 201 443 294 501 276 116 587 430 91 682 51 597 52 873 381 874 553 31 321 960 553 900 986 985 989 269 510 49 518 850 115 575 389 44 60 313 667 923 332 464 442 535 67 644 779 846 951 481 746 293 989 866 31 642 328 420 575 25 689 991 34 966 487 80 886 699 105 130 
