50 1
598 319 380 815 949 198 585 930 976 247 776 661 254 748 498 771 172 270 571 596 162 579 695 493 159 700 903 507 690 388 548 108 523 338 75 671 402 859 34 764 590 473 954 302 664 665 21 784 272 276 
466 446 464 876 62 14 233 986 973 183 163 77 642 817 849 573 803 781 499 808 161 918 101 509 46 95 769 272 144 823 737 390 277 611 23 33 111 19 504 198 778 264 902 916 515 187 886 816 684 746 
98 295 805 527 223 715 237 449 305 250 482 391 565 731 445 730 879 123 961 642 526 335 437 812 981 723 680 107 395 674 245 941 957 607 64 191 115 35 583 779 144 783 444 760 509 469 818 451 441 882 
453 181 66 55 479 901 767 280 441 928 353 948 887 358 598 999 591 438 384 532 315 117 454 791 461 595 538 426 883 806 411 318 755 395 875 596 72 450 460 412 357 858 950 486 417 229 444 768 300 725 
392 160 306 39 468 162 990 951 66 315 0 68 630 478 290 669 851 319 559 692 395 607 244 106 828 792 516 403 447 874 127 668 410 453 603 362 784 591 742 116 959 896 706 588 467 308 506 386 177 240 
156 866 670 929 248 271 609 490 344 503 695 85 263 345 694 604 359 285 603 207 454 307 832 120 945 494 424 326 644 18 949 191 488 60 284 874 462 881 831 20 92 930 572 368 693 462 484 620 669 552 
422 874 654 131 212 525 532 531 303 253 664 574 479 660 819 138 301 209 545 697 317 13 200 699 830 197 193 490 932 935 966 148 103 264 893 892 613 997 692 682 270 80 85 916 831 486 820 45 81 207 
711 566 34 686 213 834 517 82 26 990 942 331 626 672 576 249 979 591 762 313 57 11 559 1 988 607 213 863 804 500 889 572 896 336 168 839 83 671 817 432 248 752 98 409 200 268 368 900 514 154 
835 369 898 663 0 478 636 132 353 869 258 304 283 816 61 783 422 928 633 627 978 230 940 499 968 961 809 393 839 634 583 672 992 412 127 789 259 481 158 445 659 936 7 568 656 187 726 308 644 528 
632 125 545 662 206 340 568 595 52 510 948 995 605 158 73 580 65 389 831 176 634 121 524 154 355 644 768 364 898 78 434 569 951 205 964 182 405 621 130 807 866 699 953 871 714 326 902 823 440 472 
812 3 471 200 250 658 941 36 908 837 377 582 72 97 407 916 980 448 922 77 871 212 362 48 245 582 374 815 751 54 851 660 594 140 333 419 662 775 813 721 266 292 757 843 591 513 688 617 938 386 
469 908 917 779 829 494 512 183 2 961 108 697 75 820 705 266 373 137 497 650 965 290 100 458 347 509 165 873 353 981 12 429 709 171 382 364 890 212 42 772 110 493 677 136 527 893 737 28 303 178 
9 547 722 343 192 262 790 388 27 816 675 990 444 976 98 457 360 407 114 763 723 643 929 66 611 802 264 673 114 347 626 831 600 386 359 793 768 370 212 289 17 104 261 174 841 165 421 214 629 236 
941 945 508 365 19 569 276 17 981 423 860 343 567 239 189 670 250 630 43 716 301 107 32 383 431 372 642 402 646 819 180 66 754 409 179 473 894 280 26 987 320 791 296 175 910 778 839 25 483 393 
369 741 698 506 342 654 75 201 353 64 68 879 220 698 274 576 657 9 392 409 123 41 254 666 644 205 462 985 904 425 483 159 929 317 907 543 509 269 791 124 77 263 776 626 943 52 932 184 622 747 
377 92 353 323 473 783 889 63 287 91 879 271 617 90 973 356 383 433 235 236 587 149 286 151 577 524 452 704 497 48 659 968 202 927 642 632 233 422 920 118 474 488 12 779 359 353 116 506 911 88 
978 146 40 60 212 543 72 894 835 46 912 992 646 920 10 140 208 890 37 408 919 474 671 264 767 284 122 965 270 918 762 349 641 480 206 490 991 833 420 823 164 590 298 921 65 123 971 186 642 135 
958 876 672 739 477 668 520 12 964 485 715 945 233 519 344 302 12 78 55 843 270 24 959 271 879 50 227 833 42 914 592 992 244 274 26 721 589 643 399 537 277 249 564 211 643 526 422 100 26 545 
204 670 526 904 420 842 54 907 507 273 673 867 313 741 549 595 964 35 190 830 748 324 701 209 759 76 873 762 893 410 226 922 71 378 419 31 499 175 863 28 187 941 104 285 119 13 172 142 232 498 
489 492 359 421 211 558 77 172 523 548 524 960 457 785 814 302 134 669 829 798 987 566 306 299 831 569 697 794 47 995 245 662 718 125 704 763 191 335 358 562 752 595 763 757 514 22 266 748 718 779 
24 286 282 681 272 315 676 277 23 186 519 851 179 351 900 385 776 408 666 356 579 351 977 616 43 770 59 298 788 522 404 480 149 641 708 611 325 463 418 435 754 718 339 644 114 125 315 857 477 530 
836 518 10 612 405 178 242 783 396 892 106 169 751 820 485 981 399 142 73 182 159 995 456 198 900 161 890 743 269 820 465 658 540 260 293 918 733 81 689 932 238 556 246 505 576 544 526 11 670 601 
884 183 723 68 754 90 465 959 19 542 319 714 306 672 491 566 362 584 216 285 464 9 473 427 366 9 487 787 218 555 167 397 798 379 32 462 648 513 243 448 5 755 356 676 322 876 576 733 523 425 
135 679 328 389 92 880 924 507 811 917 951 92 482 480 383 954 955 145 659 637 313 275 24 419 985 233 47 389 324 368 911 992 258 846 487 105 496 139 975 485 972 695 639 920 849 348 575 596 927 782 
217 52 164 936 548 545 609 913 931 221 670 391 726 574 144 994 134 773 260 740 174 472 116 808 105 221 137 577 607 192 401 964 508 167 156 472 882 644 650 100 405 498 423 499 535 195 145 100 678 129 
833 228 243 196 944 176 621 836 629 517 845 672 92 211 162 814 592 2 160 195 556 411 653 933 567 698 204 383 102 763 974 797 303 227 501 425 651 575 442 653 474 603 954 162 502 972 261 640 881 654 
120 719 568 854 771 894 725 847 964 170 183 743 325 753 701 903 332 358 451 246 810 216 771 272 967 63 159 390 100 183 374 405 96 168 646 899 839 868 393 271 647 555 507 801 789 324 931 42 256 773 
888 893 644 188 718 349 979 511 80 1 958 865 528 238 490 766 77 412 617 929 781 452 613 43 755 552 101 495 2 363 321 340 459 74 80 587 691 131 685 377 609 805 29 695 974 753 532 8 638 488 
849 35 198 341 359 642 399 76 213 834 402 274 176 540 756 351 703 547 707 530 79 503 577 963 24 801 753 23 288 824 664 79 263 499 831 738 211 560 166 917 757 797 722 120 835 589 554 907 847 93 
190 464 56 535 841 99 567 966 241 271 957 412 748 906 267 289 806 988 562 45 40 476 653 959 427 396 379 670 493 390 761 601 203 703 39 554 280 691 34 792 293 961 499 477 970 544 485 957 659 746 
404 312 566 384 965 714 692 71 720 473 167 145 677 798 683 790 822 144 335 989 713 765 870 102 778 459 969 266 758 406 263 213 794 82 8 434 741 644 566 727 371 188 261 371 812 534 277 350 28 161 
166 632 412 262 571 317 186 765 177 574 372 965 202 899 922 811 725 112 477 382 201 494 138 208 650 36 60 311 202 246 345 660 724 652 83 475 941 238 251 77 516 830 833 11 699 94 510 691 30 69 
421 752 460 508 967 733 300 733 767 218 154 494 61 738 753 314 967 788 859 809 565 41 695 858 395 573 315 470 412 418 794 878 965 625 79 519 633 162 435 749 27 695 164 350 64 923 254 809 678 632 
918 287 552 346 917 176 692 806 857 401 782 656 682 581 790 531 204 57 207 865 536 300 618 837 208 615 75 783 251 954 889 329 813 471 468 344 707 698 410 981 934 881 371 108 78 841 718 348 848 961 
131 16 107 531 298 94 599 704 108 622 559 331 881 853 649 241 169 195 852 800 615 721 865 445 531 911 693 322 559 845 206 848 676 992 211 281 509 264 129 42 316 712 483 614 220 229 938 254 344 26 
622 16 658 3 611 174 446 9 960 545 103 606 108 181 178 673 633 782 442 268 693 595 684 364 119 475 156 137 831 245 511 703 849 812 35 459 4 227 595 778 406 261 824 639 26 200 109 907 716 499 
969 682 60 949 490 555 122 976 152 912 889 959 23 360 390 115 226 73 51 772 364 865 743 382 408 303 841 458 469 814 61 519 410 898 710 160 384 69 332 879 655 172 311 754 833 566 357 710 463 413 
633 593 896 656 781 749 529 311 841 585 626 249 60 162 605 195 457 898 844 426 222 103 259 955 938 0 724 696 885 148 122 238 805 715 8 269 814 128 306 496 185 224 780 805 360 140 538 742 64 149 
184 114 448 33 843 422 785 912 543 96 903 605 331 589 32 9 274 97 162 754 539 575 209 92 963 578 401 94 177 292 161 369 314 124 225 444 199 317 741 715 508 76 827 185 666 930 113 892 639 732 
706 712 548 855 123 223 807 632 880 895 242 715 557 932 444 185 562 576 871 40 334 712 898 990 399 457 687 77 561 859 879 806 46 860 565 527 308 192 240 534 749 272 597 539 163 920 917 529 954 61 
547 574 803 751 360 620 854 380 866 734 991 878 371 382 573 909 38 902 255 119 327 126 519 951 627 342 604 28 373 124 690 996 203 792 957 761 72 558 678 146 196 420 733 837 321 797 239 804 167 413 
930 205 194 678 727 518 626 658 71 497 820 674 82 636 727 686 779 677 577 830 920 804 579 313 680 329 234 659 718 879 832 844 101 425 803 503 164 789 875 536 469 342 330 386 465 166 991 832 198 51 
787 730 115 401 904 707 442 561 751 776 471 169 593 99 17 603 176 649 879 274 871 984 341 659 807 206 431 233 315 462 709 675 910 828 127 609 508 483 731 285 343 228 525 399 299 202 262 804 243 900 
480 343 557 58 104 856 523 44 133 109 468 392 521 958 987 122 310 333 710 176 434 262 777 294 854 691 172 296 131 707 691 7 62 364 860 238 582 118 46 621 443 530 200 93 481 315 656 885 502 868 
277 444 80 634 191 296 762 628 725 878 489 536 343 995 50 95 390 587 774 476 544 89 560 929 249 390 542 243 390 124 871 438 427 989 837 556 552 520 578 954 615 869 679 524 89 392 819 762 738 523 
17 202 554 335 405 129 493 691 600 12 29 353 610 732 359 476 48 721 428 759 118 110 16 466 382 749 648 926 842 212 175 884 126 185 138 56 994 882 334 60 190 744 942 586 398 829 721 617 929 139 
914 5 757 927 18 296 989 838 108 597 542 294 495 559 254 88 498 381 293 173 850 680 489 567 863 272 709 505 376 780 337 897 780 825 360 469 460 334 461 724 85 141 904 711 633 91 496 887 128 940 
65 609 339 321 80 455 362 435 36 232 638 685 72 628 553 685 350 960 93 443 470 889 99 29 471 399 277 146 285 871 662 637 628 262 80 637 420 930 605 763 901 875 34 939 37 507 898 623 640 785 
423 304 559 124 966 6 972 454 331 506 997 335 258 810 791 596 265 405 140 288 826 752 848 993 77 200 777 22 773 112 933 24 169 789 681 766 334 248 999 669 611 540 415 959 214 369 617 308 605 521 
513 135 856 329 677 611 957 850 547 205 275 128 726 683 731 50 427 461 451 971 863 995 454 40 195 432 121 892 267 485 494 233 219 929 358 463 979 376 83 785 940 401 28 686 771 700 725 430 566 171 
