1 1 426 1
1 24 23 1
1 69 542 1
1 97 733 1
1 175 426 1
1 426 1 1
1 556 34 1
1 578 23 1
1 733 259 1
12 69 23 1
12 97 34 1
12 183 259 1
23 1 24 1
23 1 578 1
23 12 69 1
24 23 1 1
24 34 183 1
24 991 733 1
34 1 556 1
34 12 97 1
34 88 991 1
34 97 578 1
34 183 24 1
34 426 88 1
69 23 12 1
69 542 1 1
69 991 175 1
88 34 426 1
88 542 259 1
88 991 34 1
97 34 12 1
97 578 34 1
97 733 1 1
175 69 991 1
175 183 556 1
175 426 1 1
183 24 34 1
183 259 12 1
183 556 175 1
259 1 733 1
259 12 183 1
259 88 542 1
426 1 1 1
426 1 175 1
426 88 34 1
542 1 69 1
542 259 88 1
542 556 578 1
556 34 1 1
556 175 183 1
556 578 542 1
578 23 1 1
578 34 97 1
578 542 556 1
733 1 97 1
733 24 991 1
733 259 1 1
991 34 88 1
991 175 69 1
991 733 24 1
1 1 426 1
1 24 23 1
1 69 542 1
1 97 733 1
1 175 426 1
1 426 1 1
1 556 34 1
1 578 23 1
1 733 259 1
12 69 23 1
12 97 34 1
12 183 259 1
23 1 24 1
23 1 578 1
23 12 69 1
24 23 1 1
24 34 183 1
24 991 733 1
34 1 556 1
34 12 97 1
34 88 991 1
34 97 578 1
34 183 24 1
34 426 88 1
69 23 12 1
69 542 1 1
69 991 175 1
88 34 426 1
88 542 259 1
88 991 34 1
97 34 12 1
97 578 34 1
97 733 1 1
175 69 991 1
175 183 556 1
175 426 1 1
183 24 34 1
183 259 12 1
183 556 175 1
259 1 733 1
259 12 183 1
259 88 542 1
426 1 1 1
426 1 175 1
426 88 34 1
542 1 69 1
542 259 88 1
542 556 578 1
556 34 1 1
556 175 183 1
556 578 542 1
578 23 1 1
578 34 97 1
578 542 556 1
733 1 97 1
733 24 991 1
733 259 1 1
991 34 88 1
991 175 69 1
991 733 24 1

